1758991949960 1.9629250764846802 0
1758991950020 1.9509488344192505 0
1758991950079 1.947741150856018 0
1758991950146 1.9834944009780884 0
1758991950209 1.946747064590454 0
1758991950266 2.0019664764404297 0
1758991950316 1.821717619895935 0
1758991988993 0.002404238097369671 100
1758991989053 0.0016740483697503805 100
1758991989116 0.0014981289859861135 100
1758991989180 0.0015859915874898434 100
1758991989241 0.0014266830403357744 100
1758991989300 0.0020056539215147495 100
1758991989355 0.001931218896061182 100
1758992027061 0.00016239314572885633 200
1758992027123 0.00022354126849677414 200
1758992027197 0.00015497358981519938 200
1758992027255 0.00019782170420512557 200
1758992027313 0.00017203096649609506 200
1758992027372 0.00021045828179921955 200
1758992027427 0.0002054924552794546 200
